1.000000e+07    2.075326e-13
8.012024e+07    8.551071e-10
1.502405e+08    1.057086e-08
2.203607e+08    4.890532e-08
2.904810e+08    1.476022e-07
3.606012e+08    3.503318e-07
4.307214e+08    7.126092e-07
5.008417e+08    1.301690e-06
5.709619e+08    2.196443e-06
6.410822e+08    3.487197e-06
7.112024e+08    5.275561e-06
7.813226e+08    7.674211e-06
8.514429e+08    1.080664e-05
9.215631e+08    1.480684e-05
9.916834e+08    1.981899e-05
1.061804e+09    2.599696e-05
1.131924e+09    3.350380e-05
1.202044e+09    4.251106e-05
1.272164e+09    5.319801e-05
1.342285e+09    6.575058e-05
1.412405e+09    8.036010e-05
1.482525e+09    9.722178e-05
1.552645e+09    1.165328e-04
1.622766e+09    1.384899e-04
1.692886e+09    1.632869e-04
1.763006e+09    1.911109e-04
1.833126e+09    2.221388e-04
1.903246e+09    2.565326e-04
1.973367e+09    2.944341e-04
2.043487e+09    3.359589e-04
2.113607e+09    3.811905e-04
2.183727e+09    4.301723e-04
2.253848e+09    4.829008e-04
2.323968e+09    5.393177e-04
2.394088e+09    5.993026e-04
2.464208e+09    6.626654e-04
2.534329e+09    7.291410e-04
2.604449e+09    7.983839e-04
2.674569e+09    8.699662e-04
2.744689e+09    9.433771e-04
2.814810e+09    1.018026e-03
2.884930e+09    1.093249e-03
2.955050e+09    1.168320e-03
3.025170e+09    1.242460e-03
3.095291e+09    1.314859e-03
3.165411e+09    1.384693e-03
3.235531e+09    1.451146e-03
3.305651e+09    1.513429e-03
3.375772e+09    1.570806e-03
3.445892e+09    1.622610e-03
3.516012e+09    1.668262e-03
3.586132e+09    1.707284e-03
3.656253e+09    1.739309e-03
3.726373e+09    1.764083e-03
3.796493e+09    1.781466e-03
3.866613e+09    1.791430e-03
3.936733e+09    1.794052e-03
4.006854e+09    1.789497e-03
4.076974e+09    1.778015e-03
4.147094e+09    1.759921e-03
4.217214e+09    1.735587e-03
4.287335e+09    1.705424e-03
4.357455e+09    1.669874e-03
4.427575e+09    1.629397e-03
4.497695e+09    1.584463e-03
4.567816e+09    1.535545e-03
4.637936e+09    1.483112e-03
4.708056e+09    1.427625e-03
4.778176e+09    1.369535e-03
4.848297e+09    1.309277e-03
4.918417e+09    1.247277e-03
4.988537e+09    1.183943e-03
5.058657e+09    1.119672e-03
5.128778e+09    1.054847e-03
5.198898e+09    9.898408e-04
5.269018e+09    9.250153e-04
5.339138e+09    8.607231e-04
5.409259e+09    7.973085e-04
5.479379e+09    7.351086e-04
5.549499e+09    6.744531e-04
5.619619e+09    6.156649e-04
5.689739e+09    5.590591e-04
5.759860e+09    5.049428e-04
5.829980e+09    4.536135e-04
5.900100e+09    4.053574e-04
5.970220e+09    3.604471e-04
6.040341e+09    3.191394e-04
6.110461e+09    2.816723e-04
6.180581e+09    2.482616e-04
6.250701e+09    2.190980e-04
6.320822e+09    1.943437e-04
6.390942e+09    1.741289e-04
6.461062e+09    1.585489e-04
6.531182e+09    1.476615e-04
6.601303e+09    1.414844e-04
6.671423e+09    1.399934e-04
6.741543e+09    1.431217e-04
6.811663e+09    1.507592e-04
6.881784e+09    1.627528e-04
6.951904e+09    1.789079e-04
7.022024e+09    1.989902e-04
7.092144e+09    2.227286e-04
7.162265e+09    2.498187e-04
7.232385e+09    2.799263e-04
7.302505e+09    3.126927e-04
7.372625e+09    3.477390e-04
7.442745e+09    3.846716e-04
7.512866e+09    4.230867e-04
7.582986e+09    4.625762e-04
7.653106e+09    5.027320e-04
7.723226e+09    5.431511e-04
7.793347e+09    5.834393e-04
7.863467e+09    6.232158e-04
7.933587e+09    6.621161e-04
8.003707e+09    6.997950e-04
8.073828e+09    7.359294e-04
8.143948e+09    7.702196e-04
8.214068e+09    8.023915e-04
8.284188e+09    8.321974e-04
8.354309e+09    8.594171e-04
8.424429e+09    8.838578e-04
8.494549e+09    9.053550e-04
8.564669e+09    9.237720e-04
8.634790e+09    9.390001e-04
8.704910e+09    9.509581e-04
8.775030e+09    9.595921e-04
8.845150e+09    9.648749e-04
8.915271e+09    9.668055e-04
8.985391e+09    9.654087e-04
9.055511e+09    9.607342e-04
9.125631e+09    9.528566e-04
9.195752e+09    9.418738e-04
9.265872e+09    9.279071e-04
9.335992e+09    9.110999e-04
9.406112e+09    8.916168e-04
9.476232e+09    8.696426e-04
9.546353e+09    8.453814e-04
9.616473e+09    8.190547e-04
9.686593e+09    7.909005e-04
9.756713e+09    7.611710e-04
9.826834e+09    7.301312e-04
9.896954e+09    6.980564e-04
9.967074e+09    6.652305e-04
1.003719e+10    6.319429e-04
1.010731e+10    5.984864e-04
1.017743e+10    5.651543e-04
1.024756e+10    5.322376e-04
1.031768e+10    5.000223e-04
1.038780e+10    4.687861e-04
1.045792e+10    4.387962e-04
1.052804e+10    4.103062e-04
1.059816e+10    3.835533e-04
1.066828e+10    3.587563e-04
1.073840e+10    3.361134e-04
1.080852e+10    3.157997e-04
1.087864e+10    2.979664e-04
1.094876e+10    2.827389e-04
1.101888e+10    2.702159e-04
1.108900e+10    2.604690e-04
1.115912e+10    2.535423e-04
1.122924e+10    2.494524e-04
1.129936e+10    2.481889e-04
1.136948e+10    2.497150e-04
1.143960e+10    2.539685e-04
1.150972e+10    2.608631e-04
1.157984e+10    2.702897e-04
1.164996e+10    2.821179e-04
1.172008e+10    2.961982e-04
1.179020e+10    3.123633e-04
1.186032e+10    3.304304e-04
1.193044e+10    3.502034e-04
1.200056e+10    3.714743e-04
1.207068e+10    3.940260e-04
1.214080e+10    4.176338e-04
1.221092e+10    4.420677e-04
1.228104e+10    4.670943e-04
1.235116e+10    4.924788e-04
1.242128e+10    5.179868e-04
1.249140e+10    5.433863e-04
1.256152e+10    5.684493e-04
1.263164e+10    5.929536e-04
1.270176e+10    6.166845e-04
1.277188e+10    6.394365e-04
1.284200e+10    6.610144e-04
1.291212e+10    6.812352e-04
1.298224e+10    6.999292e-04
1.305236e+10    7.169415e-04
1.312248e+10    7.321330e-04
1.319261e+10    7.453815e-04
1.326273e+10    7.565827e-04
1.333285e+10    7.656511e-04
1.340297e+10    7.725207e-04
1.347309e+10    7.771453e-04
1.354321e+10    7.794994e-04
1.361333e+10    7.795779e-04
1.368345e+10    7.773964e-04
1.375357e+10    7.729911e-04
1.382369e+10    7.664182e-04
1.389381e+10    7.577535e-04
1.396393e+10    7.470918e-04
1.403405e+10    7.345457e-04
1.410417e+10    7.202445e-04
1.417429e+10    7.043328e-04
1.424441e+10    6.869694e-04
1.431453e+10    6.683252e-04
1.438465e+10    6.485819e-04
1.445477e+10    6.279294e-04
1.452489e+10    6.065649e-04
1.459501e+10    5.846898e-04
1.466513e+10    5.625086e-04
1.473525e+10    5.402262e-04
1.480537e+10    5.180462e-04
1.487549e+10    4.961690e-04
1.494561e+10    4.747897e-04
1.501573e+10    4.540962e-04
1.508585e+10    4.342681e-04
1.515597e+10    4.154744e-04
1.522609e+10    3.978726e-04
1.529621e+10    3.816072e-04
1.536633e+10    3.668085e-04
1.543645e+10    3.535920e-04
1.550657e+10    3.420571e-04
1.557669e+10    3.322869e-04
1.564681e+10    3.243476e-04
1.571693e+10    3.182882e-04
1.578705e+10    3.141400e-04
1.585717e+10    3.119173e-04
1.592729e+10    3.116170e-04
1.599741e+10    3.132188e-04
1.606754e+10    3.166862e-04
1.613766e+10    3.219664e-04
1.620778e+10    3.289912e-04
1.627790e+10    3.376777e-04
1.634802e+10    3.479294e-04
1.641814e+10    3.596366e-04
1.648826e+10    3.726782e-04
1.655838e+10    3.869220e-04
1.662850e+10    4.022265e-04
1.669862e+10    4.184421e-04
1.676874e+10    4.354121e-04
1.683886e+10    4.529744e-04
1.690898e+10    4.709629e-04
1.697910e+10    4.892087e-04
1.704922e+10    5.075421e-04
1.711934e+10    5.257936e-04
1.718946e+10    5.437957e-04
1.725958e+10    5.613843e-04
1.732970e+10    5.784003e-04
1.739982e+10    5.946908e-04
1.746994e+10    6.101105e-04
1.754006e+10    6.245235e-04
1.761018e+10    6.378036e-04
1.768030e+10    6.498366e-04
1.775042e+10    6.605200e-04
1.782054e+10    6.697652e-04
1.789066e+10    6.774972e-04
1.796078e+10    6.836558e-04
1.803090e+10    6.881960e-04
1.810102e+10    6.910881e-04
1.817114e+10    6.923182e-04
1.824126e+10    6.918878e-04
1.831138e+10    6.898140e-04
1.838150e+10    6.861290e-04
1.845162e+10    6.808796e-04
1.852174e+10    6.741269e-04
1.859186e+10    6.659450e-04
1.866198e+10    6.564208e-04
1.873210e+10    6.456526e-04
1.880222e+10    6.337494e-04
1.887234e+10    6.208293e-04
1.894246e+10    6.070186e-04
1.901259e+10    5.924505e-04
1.908271e+10    5.772638e-04
1.915283e+10    5.616015e-04
1.922295e+10    5.456094e-04
1.929307e+10    5.294350e-04
1.936319e+10    5.132257e-04
1.943331e+10    4.971281e-04
1.950343e+10    4.812860e-04
1.957355e+10    4.658399e-04
1.964367e+10    4.509250e-04
1.971379e+10    4.366709e-04
1.978391e+10    4.231998e-04
1.985403e+10    4.106258e-04
1.992415e+10    3.990542e-04
1.999427e+10    3.885802e-04
2.006439e+10    3.792885e-04
2.013451e+10    3.712525e-04
2.020463e+10    3.645338e-04
2.027475e+10    3.591816e-04
2.034487e+10    3.552325e-04
2.041499e+10    3.527105e-04
2.048511e+10    3.516261e-04
2.055523e+10    3.519773e-04
2.062535e+10    3.537486e-04
2.069547e+10    3.569124e-04
2.076559e+10    3.614280e-04
2.083571e+10    3.672433e-04
2.090583e+10    3.742945e-04
2.097595e+10    3.825068e-04
2.104607e+10    3.917955e-04
2.111619e+10    4.020667e-04
2.118631e+10    4.132180e-04
2.125643e+10    4.251395e-04
2.132655e+10    4.377153e-04
2.139667e+10    4.508240e-04
2.146679e+10    4.643403e-04
2.153691e+10    4.781359e-04
2.160703e+10    4.920809e-04
2.167715e+10    5.060450e-04
2.174727e+10    5.198988e-04
2.181739e+10    5.335146e-04
2.188752e+10    5.467681e-04
2.195764e+10    5.595393e-04
2.202776e+10    5.717136e-04
2.209788e+10    5.831829e-04
2.216800e+10    5.938462e-04
2.223812e+10    6.036112e-04
2.230824e+10    6.123944e-04
2.237836e+10    6.201220e-04
2.244848e+10    6.267308e-04
2.251860e+10    6.321681e-04
2.258872e+10    6.363926e-04
2.265884e+10    6.393745e-04
2.272896e+10    6.410955e-04
2.279908e+10    6.415490e-04
2.286920e+10    6.407403e-04
2.293932e+10    6.386857e-04
2.300944e+10    6.354130e-04
2.307956e+10    6.309609e-04
2.314968e+10    6.253783e-04
2.321980e+10    6.187240e-04
2.328992e+10    6.110662e-04
2.336004e+10    6.024814e-04
2.343016e+10    5.930539e-04
2.350028e+10    5.828753e-04
2.357040e+10    5.720429e-04
2.364052e+10    5.606593e-04
2.371064e+10    5.488315e-04
2.378076e+10    5.366695e-04
2.385088e+10    5.242856e-04
2.392100e+10    5.117934e-04
2.399112e+10    4.993068e-04
2.406124e+10    4.869385e-04
2.413136e+10    4.747998e-04
2.420148e+10    4.629989e-04
2.427160e+10    4.516405e-04
2.434172e+10    4.408244e-04
2.441184e+10    4.306450e-04
2.448196e+10    4.211902e-04
2.455208e+10    4.125407e-04
2.462220e+10    4.047697e-04
2.469232e+10    3.979415e-04
2.476244e+10    3.921117e-04
2.483257e+10    3.873263e-04
2.490269e+10    3.836215e-04
2.497281e+10    3.810233e-04
2.504293e+10    3.795476e-04
2.511305e+10    3.791996e-04
2.518317e+10    3.799743e-04
2.525329e+10    3.818565e-04
2.532341e+10    3.848206e-04
2.539353e+10    3.888316e-04
2.546365e+10    3.938449e-04
2.553377e+10    3.998070e-04
2.560389e+10    4.066560e-04
2.567401e+10    4.143224e-04
2.574413e+10    4.227297e-04
2.581425e+10    4.317948e-04
2.588437e+10    4.414296e-04
2.595449e+10    4.515412e-04
2.602461e+10    4.620328e-04
2.609473e+10    4.728053e-04
2.616485e+10    4.837572e-04
2.623497e+10    4.947867e-04
2.630509e+10    5.057915e-04
2.637521e+10    5.166708e-04
2.644533e+10    5.273252e-04
2.651545e+10    5.376585e-04
2.658557e+10    5.475779e-04
2.665569e+10    5.569953e-04
2.672581e+10    5.658275e-04
2.679593e+10    5.739975e-04
2.686605e+10    5.814349e-04
2.693617e+10    5.880763e-04
2.700629e+10    5.938660e-04
2.707641e+10    5.987565e-04
2.714653e+10    6.027089e-04
2.721665e+10    6.056929e-04
2.728677e+10    6.076872e-04
2.735689e+10    6.086798e-04
2.742701e+10    6.086677e-04
2.749713e+10    6.076571e-04
2.756725e+10    6.056631e-04
2.763737e+10    6.027098e-04
2.770749e+10    5.988298e-04
2.777762e+10    5.940638e-04
2.784774e+10    5.884606e-04
2.791786e+10    5.820759e-04
2.798798e+10    5.749725e-04
2.805810e+10    5.672191e-04
2.812822e+10    5.588903e-04
2.819834e+10    5.500651e-04
2.826846e+10    5.408268e-04
2.833858e+10    5.312619e-04
2.840870e+10    5.214593e-04
2.847882e+10    5.115098e-04
2.854894e+10    5.015049e-04
2.861906e+10    4.915359e-04
2.868918e+10    4.816934e-04
2.875930e+10    4.720664e-04
2.882942e+10    4.627413e-04
2.889954e+10    4.538010e-04
2.896966e+10    4.453249e-04
2.903978e+10    4.373871e-04
2.910990e+10    4.300567e-04
2.918002e+10    4.233966e-04
2.925014e+10    4.174634e-04
2.932026e+10    4.123063e-04
2.939038e+10    4.079673e-04
2.946050e+10    4.044807e-04
2.953062e+10    4.018727e-04
2.960074e+10    4.001612e-04
2.967086e+10    3.993558e-04
2.974098e+10    3.994577e-04
2.981110e+10    4.004600e-04
2.988122e+10    4.023473e-04
2.995134e+10    4.050965e-04
3.002146e+10    4.086765e-04
3.009158e+10    4.130491e-04
3.016170e+10    4.181687e-04
3.023182e+10    4.239837e-04
3.030194e+10    4.304362e-04
3.037206e+10    4.374628e-04
3.044218e+10    4.449956e-04
3.051230e+10    4.529621e-04
3.058242e+10    4.612868e-04
3.065255e+10    4.698910e-04
3.072267e+10    4.786943e-04
3.079279e+10    4.876148e-04
3.086291e+10    4.965701e-04
3.093303e+10    5.054780e-04
3.100315e+10    5.142573e-04
3.107327e+10    5.228283e-04
3.114339e+10    5.311140e-04
3.121351e+10    5.390401e-04
3.128363e+10    5.465361e-04
3.135375e+10    5.535360e-04
3.142387e+10    5.599785e-04
3.149399e+10    5.658078e-04
3.156411e+10    5.709741e-04
3.163423e+10    5.754336e-04
3.170435e+10    5.791496e-04
3.177447e+10    5.820920e-04
3.184459e+10    5.842382e-04
3.191471e+10    5.855728e-04
3.198483e+10    5.860879e-04
3.205495e+10    5.857832e-04
3.212507e+10    5.846660e-04
3.219519e+10    5.827506e-04
3.226531e+10    5.800589e-04
3.233543e+10    5.766196e-04
3.240555e+10    5.724681e-04
3.247567e+10    5.676461e-04
3.254579e+10    5.622013e-04
3.261591e+10    5.561866e-04
3.268603e+10    5.496602e-04
3.275615e+10    5.426842e-04
3.282627e+10    5.353250e-04
3.289639e+10    5.276516e-04
3.296651e+10    5.197358e-04
3.303663e+10    5.116512e-04
3.310675e+10    5.034724e-04
3.317687e+10    4.952745e-04
3.324699e+10    4.871323e-04
3.331711e+10    4.791197e-04
3.338723e+10    4.713090e-04
3.345735e+10    4.637701e-04
3.352747e+10    4.565700e-04
3.359760e+10    4.497725e-04
3.366772e+10    4.434369e-04
3.373784e+10    4.376183e-04
3.380796e+10    4.323665e-04
3.387808e+10    4.277260e-04
3.394820e+10    4.237354e-04
3.401832e+10    4.204271e-04
3.408844e+10    4.178271e-04
3.415856e+10    4.159548e-04
3.422868e+10    4.148230e-04
3.429880e+10    4.144374e-04
3.436892e+10    4.147972e-04
3.443904e+10    4.158945e-04
3.450916e+10    4.177150e-04
3.457928e+10    4.202378e-04
3.464940e+10    4.234357e-04
3.471952e+10    4.272755e-04
3.478964e+10    4.317186e-04
3.485976e+10    4.367207e-04
3.492988e+10    4.422331e-04
3.500000e+10    4.482024e-04
